#Rev: sensefly/geoinfo/3
fileName	latitude	longitude	altitude_wgs84
IMG_0607.JPG	35.3273822695	139.8903165929	180.5621337891	
IMG_0608.JPG	35.3277922788	139.8901351967	182.6361694336	
IMG_0609.JPG	35.3282638377	139.8900043387	183.9222717285	
IMG_0610.JPG	35.3286996152	139.8898042985	186.4315490723	
IMG_0611.JPG	35.3292018427	139.8897135708	184.2427520752	
IMG_0612.JPG	35.3296199937	139.8895339517	182.1486816406	
IMG_0613.JPG	35.3300316506	139.8894292220	181.3574523926	
IMG_0614.JPG	35.3304490098	139.8892685504	179.6616210938	
IMG_0615.JPG	35.3308688351	139.8891303151	178.9809570312	
IMG_0616.JPG	35.3312460699	139.8890014549	179.8259429932	
IMG_0617.JPG	35.3316466419	139.8888514053	174.7341918945	
IMG_0618.JPG	35.3320609027	139.8887513117	170.2254638672	
IMG_0619.JPG	35.3324526280	139.8885623305	169.1457366943	
IMG_0620.JPG	35.3328594403	139.8884289208	169.1967010498	
IMG_0621.JPG	35.3332784890	139.8883504147	169.2913055420	
IMG_0622.JPG	35.3336881199	139.8881855146	169.3721313477	
IMG_0623.JPG	35.3340719475	139.8880330342	171.0343475342	
IMG_0624.JPG	35.3344888772	139.8878970510	170.5989685059	
IMG_0625.JPG	35.3348948713	139.8877894782	171.8361816406	
IMG_0626.JPG	35.3353061334	139.8876245399	170.5206146240	
IMG_0627.JPG	35.3357254182	139.8875139290	171.5404510498	
IMG_0628.JPG	35.3361275406	139.8873610188	172.5588684082	
IMG_0629.JPG	35.3365159843	139.8872156320	173.6753692627	
IMG_0630.JPG	35.3369062123	139.8870970225	175.1877136230	
IMG_0631.JPG	35.3373179865	139.8869873283	178.8684844971	
IMG_0632.JPG	35.3377113690	139.8868557997	180.8854675293	
IMG_0633.JPG	35.3381461375	139.8866779469	183.0368499756	
IMG_0634.JPG	35.3385895626	139.8865672616	178.7230987549	
IMG_0635.JPG	35.3389760164	139.8864241664	175.8531951904	
IMG_0636.JPG	35.3393751999	139.8862731668	173.7711944580	
IMG_0637.JPG	35.3397713809	139.8861445485	172.9379577637	
IMG_0638.JPG	35.3401884054	139.8860388870	173.5181579590	
IMG_0639.JPG	35.3402421749	139.8869226281	175.2563934326	
IMG_0640.JPG	35.3400644554	139.8874075705	178.4042968750	
IMG_0641.JPG	35.3399053042	139.8878739870	178.1866302490	
IMG_0642.JPG	35.3397415096	139.8883876647	176.7302856445	
IMG_0643.JPG	35.3395751934	139.8888928448	177.0033569336	
IMG_0644.JPG	35.3393977087	139.8893914040	177.2852783203	
IMG_0645.JPG	35.3392358938	139.8898837701	176.2403564453	
IMG_0646.JPG	35.3390737036	139.8904069836	176.4462280273	
IMG_0647.JPG	35.3389084450	139.8908881718	176.7164611816	
IMG_0648.JPG	35.3387321820	139.8913760608	175.4589691162	
IMG_0649.JPG	35.3385510621	139.8918872402	175.9041290283	
IMG_0650.JPG	35.3384337775	139.8923856720	177.2237243652	
IMG_0651.JPG	35.3382342214	139.8928621949	179.0972747803	
IMG_0652.JPG	35.3380671359	139.8933559843	179.8685150146	
IMG_0653.JPG	35.3378919782	139.8938779280	180.3029479980	
IMG_0654.JPG	35.3377271553	139.8943782685	177.6073913574	
IMG_0655.JPG	35.3375688019	139.8948566856	177.2615356445	
IMG_0656.JPG	35.3374065378	139.8953194045	177.2192993164	
IMG_0657.JPG	35.3372379132	139.8958214317	177.1458740234	
IMG_0658.JPG	35.3370817688	139.8963265918	176.2515411377	
IMG_0659.JPG	35.3367530874	139.8955825984	173.3388977051	
IMG_0660.JPG	35.3369494286	139.8951193456	174.6923828125	
IMG_0661.JPG	35.3370643968	139.8946004663	175.1957397461	
IMG_0662.JPG	35.3372667123	139.8941343714	174.8324890137	
IMG_0663.JPG	35.3374486119	139.8936728274	179.0361785889	
IMG_0664.JPG	35.3375928193	139.8931391979	182.2420043945	
IMG_0665.JPG	35.3377978462	139.8926608744	179.9531402588	
IMG_0666.JPG	35.3379622860	139.8919271812	171.5277252197	
IMG_0667.JPG	35.3381901328	139.8914550447	171.5388793945	
IMG_0668.JPG	35.3383126151	139.8909386077	171.3585968018	
IMG_0669.JPG	35.3384874641	139.8904576166	172.5843048096	
IMG_0670.JPG	35.3386468954	139.8899940873	173.8884277344	
IMG_0671.JPG	35.3388005037	139.8895220130	175.5072937012	
IMG_0672.JPG	35.3389787912	139.8890614351	175.3718566895	
IMG_0673.JPG	35.3391206309	139.8885505124	176.3119659424	
IMG_0674.JPG	35.3392952427	139.8880926124	176.0648803711	
IMG_0675.JPG	35.3394280643	139.8876085521	176.3826904297	
IMG_0676.JPG	35.3396209415	139.8871354233	177.7252502441	
IMG_0677.JPG	35.3397968427	139.8866388656	177.7846069336	
IMG_0678.JPG	35.3399499751	139.8861182301	177.4595794678	
IMG_0679.JPG	35.3392603763	139.8864362736	174.8341064453	
IMG_0680.JPG	35.3391179267	139.8868983318	175.7165832520	
IMG_0681.JPG	35.3389323418	139.8874251646	176.5232391357	
IMG_0682.JPG	35.3387702441	139.8879232806	175.1505889893	
IMG_0683.JPG	35.3385929999	139.8884310019	173.6005706787	
IMG_0684.JPG	35.3384342595	139.8889494091	172.7080383301	
IMG_0685.JPG	35.3382475205	139.8894617962	174.6043395996	
IMG_0686.JPG	35.3380796750	139.8899424684	173.8833618164	
IMG_0687.JPG	35.3379389813	139.8904606211	172.8842773438	
IMG_0688.JPG	35.3377499069	139.8909445890	171.5029296875	
IMG_0689.JPG	35.3375569995	139.8914850591	171.6400146484	
IMG_0690.JPG	35.3373950539	139.8920184977	175.5822906494	
IMG_0691.JPG	35.3372185319	139.8924969989	178.3562011719	
IMG_0692.JPG	35.3370607110	139.8929965360	178.7110748291	
IMG_0693.JPG	35.3368981773	139.8935164536	177.5611267090	
IMG_0694.JPG	35.3367401608	139.8939919377	175.6483764648	
IMG_0695.JPG	35.3365789752	139.8944797686	175.2330017090	
IMG_0696.JPG	35.3364164171	139.8949725940	173.0332031250	
IMG_0697.JPG	35.3362377453	139.8954526530	173.0538177490	
IMG_0698.JPG	35.3357752559	139.8951032467	166.9901275635	
IMG_0699.JPG	35.3360211977	139.8945700152	166.7033538818	
IMG_0700.JPG	35.3361559447	139.8940380144	171.1082458496	
IMG_0701.JPG	35.3363464829	139.8935879864	173.4163360596	
IMG_0702.JPG	35.3364830149	139.8931037614	175.8242797852	
IMG_0703.JPG	35.3366499192	139.8925596374	178.7544250488	
IMG_0704.JPG	35.3368504165	139.8920740215	177.2236938477	
IMG_0705.JPG	35.3370154864	139.8915427956	179.2073364258	
IMG_0706.JPG	35.3371733048	139.8910413106	178.1051330566	
IMG_0707.JPG	35.3373567076	139.8905267330	177.0619659424	
IMG_0708.JPG	35.3375114128	139.8900691478	174.9051971436	
IMG_0709.JPG	35.3376644462	139.8895893017	174.1742858887	
IMG_0710.JPG	35.3378324415	139.8890977110	174.6964263916	
IMG_0711.JPG	35.3379873809	139.8886306485	173.9668884277	
IMG_0712.JPG	35.3381260071	139.8881303640	173.4596710205	
IMG_0713.JPG	35.3383279416	139.8876672491	170.8179473877	
IMG_0714.JPG	35.3384755198	139.8871562230	175.6891479492	
IMG_0715.JPG	35.3386610828	139.8866868205	179.4777221680	
IMG_0716.JPG	35.3388165729	139.8861260383	177.6467895508	
IMG_0717.JPG	35.3390096465	139.8856392674	174.1876678467	
IMG_0718.JPG	35.3383051484	139.8859512783	166.8488769531	
IMG_0719.JPG	35.3381895778	139.8864467500	173.5263214111	
IMG_0720.JPG	35.3378679719	139.8871102726	171.5363006592	
IMG_0721.JPG	35.3377968569	139.8876130174	171.0543975830	
IMG_0722.JPG	35.3375876589	139.8880836089	170.0026092529	
IMG_0723.JPG	35.3374408534	139.8885745582	171.0574035645	
IMG_0724.JPG	35.3372742885	139.8890561829	172.5605468750	
IMG_0725.JPG	35.3370813988	139.8895329599	172.8122406006	
IMG_0726.JPG	35.3369492718	139.8900184979	173.9201812744	
IMG_0727.JPG	35.3367633852	139.8905352379	173.8469085693	
IMG_0728.JPG	35.3365972073	139.8910188883	175.5920867920	
IMG_0729.JPG	35.3364421266	139.8914964029	178.1320953369	
IMG_0730.JPG	35.3362739527	139.8919470878	178.5352935791	
IMG_0731.JPG	35.3361318109	139.8924872593	179.1922302246	
IMG_0732.JPG	35.3359439072	139.8929804814	177.0926971436	
IMG_0733.JPG	35.3357875071	139.8934584237	176.8760986328	
IMG_0734.JPG	35.3356246459	139.8939712864	174.2216186523	
IMG_0735.JPG	35.3354445939	139.8944288727	174.5654754639	
IMG_0736.JPG	35.3352897886	139.8949075050	175.9975585938	
IMG_0737.JPG	35.3351300665	139.8953539479	175.4432525635	
IMG_0738.JPG	35.3348862551	139.8946273777	170.8346099854	
IMG_0739.JPG	35.3350110811	139.8941354305	171.8391571045	
IMG_0740.JPG	35.3351650683	139.8936613495	173.7575836182	
IMG_0741.JPG	35.3353174566	139.8931695263	176.5624694824	
IMG_0742.JPG	35.3355028819	139.8926773103	176.5154113770	
IMG_0743.JPG	35.3356754984	139.8921766405	176.4081726074	
IMG_0744.JPG	35.3358552211	139.8916465443	179.0440979004	
IMG_0745.JPG	35.3360021025	139.8911319868	178.7321319580	
IMG_0746.JPG	35.3361935271	139.8906206654	176.4277496338	
IMG_0747.JPG	35.3363157953	139.8901517989	176.0550231934	
IMG_0748.JPG	35.3365104139	139.8896816859	173.9173431396	
IMG_0749.JPG	35.3366807805	139.8891689455	173.4910278320	
IMG_0750.JPG	35.3368525670	139.8886369247	175.1777038574	
IMG_0751.JPG	35.3370360939	139.8881173377	175.5093231201	
IMG_0752.JPG	35.3372065848	139.8875980179	175.0944213867	
IMG_0753.JPG	35.3373585974	139.8870586084	174.1823883057	
IMG_0754.JPG	35.3375791476	139.8864916574	173.6800689697	
IMG_0755.JPG	35.3377492194	139.8859910507	176.1554412842	
IMG_0756.JPG	35.3379085020	139.8854735853	177.8530120850	
IMG_0757.JPG	35.3372826880	139.8855381276	173.4432983398	
IMG_0758.JPG	35.3371710631	139.8859812863	173.6006774902	
IMG_0759.JPG	35.3369997706	139.8864651561	173.7904205322	
IMG_0760.JPG	35.3368288554	139.8869561821	171.8711395264	
IMG_0761.JPG	35.3366902852	139.8874467534	174.0693359375	
IMG_0762.JPG	35.3365054007	139.8879503691	175.5785827637	
IMG_0763.JPG	35.3363309955	139.8884647899	177.8979034424	
IMG_0764.JPG	35.3361673999	139.8889444374	177.2280883789	
IMG_0765.JPG	35.3359986458	139.8894542658	176.4537353516	
IMG_0766.JPG	35.3358266855	139.8899248813	176.6416168213	
IMG_0767.JPG	35.3356861094	139.8904685320	175.5749816895	
IMG_0768.JPG	35.3354835602	139.8909870337	179.1165924072	
IMG_0769.JPG	35.3353791128	139.8915178786	175.4765472412	
IMG_0770.JPG	35.3350954726	139.8921161428	172.7311859131	
IMG_0771.JPG	35.3349332447	139.8926391033	171.1280822754	
IMG_0772.JPG	35.3347820159	139.8931125026	171.1258087158	
IMG_0773.JPG	35.3346261211	139.8936280747	172.3890533447	
IMG_0774.JPG	35.3344309448	139.8941329699	173.5644226074	
IMG_0775.JPG	35.3342588109	139.8946035073	175.2267303467	
IMG_0776.JPG	35.3338943037	139.8938848770	169.1987152100	
IMG_0777.JPG	35.3341521313	139.8934253405	172.5494689941	
IMG_0778.JPG	35.3342606197	139.8929272154	174.0243682861	
IMG_0779.JPG	35.3344602686	139.8924372893	174.4938049316	
IMG_0780.JPG	35.3346325844	139.8918938065	176.1282806396	
IMG_0781.JPG	35.3348091998	139.8913776029	177.5627899170	
IMG_0782.JPG	35.3349712735	139.8908204416	179.1585235596	
IMG_0783.JPG	35.3351856443	139.8903347314	178.3008575439	
IMG_0784.JPG	35.3353103163	139.8898102088	177.3391113281	
IMG_0785.JPG	35.3355906351	139.8891967687	178.1544799805	
IMG_0786.JPG	35.3356997743	139.8886329730	176.9985198975	
IMG_0787.JPG	35.3359056037	139.8881534639	175.0570526123	
IMG_0788.JPG	35.3360593313	139.8876392972	175.6921386719	
IMG_0789.JPG	35.3362314254	139.8871196379	175.5269775391	
IMG_0790.JPG	35.3363923526	139.8866083683	175.0579528809	
IMG_0791.JPG	35.3365855109	139.8861594213	174.3989715576	
IMG_0792.JPG	35.3367496536	139.8856426766	174.7518615723	
IMG_0793.JPG	35.3369200207	139.8851068528	174.9928588867	
IMG_0794.JPG	35.3371062935	139.8846403214	175.8903198242	
IMG_0795.JPG	35.3363541774	139.8849833009	171.6832427979	
IMG_0796.JPG	35.3362459552	139.8854528882	170.8104400635	
IMG_0797.JPG	35.3360669096	139.8858877140	170.9056396484	
IMG_0798.JPG	35.3359099660	139.8863301958	173.8288269043	
IMG_0799.JPG	35.3357602649	139.8868434150	173.8891754150	
IMG_0800.JPG	35.3355904195	139.8873128841	174.2730560303	
IMG_0801.JPG	35.3354016934	139.8878283885	176.0626525879	
IMG_0802.JPG	35.3352302860	139.8883389805	178.6221771240	
IMG_0803.JPG	35.3350824255	139.8888729808	178.1806793213	
IMG_0804.JPG	35.3348847292	139.8893664828	176.5024414062	
IMG_0805.JPG	35.3347459760	139.8898784181	177.2925720215	
IMG_0806.JPG	35.3345524554	139.8904280099	179.3857116699	
IMG_0807.JPG	35.3343807730	139.8909619697	174.1522979736	
IMG_0808.JPG	35.3341767382	139.8914577878	175.5775604248	
IMG_0809.JPG	35.3340449549	139.8919692444	173.3661193848	
IMG_0810.JPG	35.3338438927	139.8924667675	171.3522644043	
IMG_0811.JPG	35.3337123898	139.8930929414	168.3059234619	
IMG_0812.JPG	35.3334699981	139.8935771027	171.3021697998	
IMG_0813.JPG	35.3333176012	139.8940744417	173.2871398926	
IMG_0814.JPG	35.3329391149	139.8934003107	165.4336090088	
IMG_0815.JPG	35.3331648672	139.8929607294	168.9755401611	
IMG_0816.JPG	35.3332666020	139.8924674290	172.4085540771	
IMG_0817.JPG	35.3334809691	139.8919874764	174.9708251953	
IMG_0818.JPG	35.3336307567	139.8915127983	177.7462310791	
IMG_0819.JPG	35.3337829376	139.8909899696	179.9423828125	
IMG_0820.JPG	35.3339688826	139.8904917437	177.9678192139	
IMG_0821.JPG	35.3341569093	139.8900183764	176.9827117920	
IMG_0822.JPG	35.3342894795	139.8895108233	177.8286437988	
IMG_0823.JPG	35.3344730961	139.8890106162	176.2580261230	
IMG_0824.JPG	35.3346548616	139.8885160865	175.2186431885	
IMG_0825.JPG	35.3348182558	139.8880134219	176.4081420898	
IMG_0826.JPG	35.3349902113	139.8874881896	178.1439666748	
IMG_0827.JPG	35.3351521667	139.8870002456	174.8994140625	
IMG_0828.JPG	35.3353208762	139.8864718005	172.1190338135	
IMG_0829.JPG	35.3354845745	139.8859643953	171.4713745117	
IMG_0830.JPG	35.3356631046	139.8854854034	173.3589172363	
IMG_0831.JPG	35.3358150927	139.8849919244	174.8775024414	
IMG_0832.JPG	35.3359769938	139.8845205069	178.2160339355	
IMG_0833.JPG	35.3353844257	139.8845003803	174.2585906982	
IMG_0834.JPG	35.3352851014	139.8850518833	174.3157806396	
IMG_0835.JPG	35.3349888939	139.8856253095	173.9084777832	
IMG_0836.JPG	35.3348826396	139.8861640716	172.9093475342	
IMG_0837.JPG	35.3346689728	139.8866466291	172.9687194824	
IMG_0838.JPG	35.3345352266	139.8871214305	176.6672210693	
IMG_0839.JPG	35.3343542124	139.8876104963	179.2471160889	
IMG_0840.JPG	35.3342087269	139.8881254519	177.1309509277	
IMG_0841.JPG	35.3339952488	139.8886196720	173.1690368652	
IMG_0842.JPG	35.3338806534	139.8891709235	172.7904357910	
IMG_0843.JPG	35.3336433508	139.8896574585	173.0162200928	
IMG_0844.JPG	35.3334755402	139.8901855348	174.2269592285	
IMG_0845.JPG	35.3333252161	139.8906544437	174.8840942383	
IMG_0846.JPG	35.3331744149	139.8911991484	176.8022460938	
IMG_0847.JPG	35.3329806390	139.8917266108	175.1550750732	
IMG_0848.JPG	35.3328060753	139.8922282208	175.2622375488	
IMG_0849.JPG	35.3326038272	139.8927986159	175.5574035645	
IMG_0850.JPG	35.3324718504	139.8933129896	173.3877868652	
IMG_0851.JPG	35.3322615935	139.8938356972	173.6283416748	
